Chermite
62 250
84 110
343 249
352 129
Cbezier
69 96
211 201
310 51
405 237
Cbezier
100 114
97 74
293 47
322 85
Chermite
100 114
97 74
293 47
322 85
Cbezier
69 96
211 201
310 51
405 237
Cbezier
100 114
97 74
293 47
322 85
Chermite
100 114
97 74
293 47
322 85
Cspline
100 114
97 74
293 47
Cbezier
100 114
97 74
293 47
322 85
Cbezier
100 114
97 74
293 47
322 85
Cspline
350 65
362 102
413 171
Cbezier
350 65
362 102
413 171
322 85
Chermite
350 65
362 102
413 171
322 85
Chermite
116 137
179 199
237 121
366 175
